BÁO CÁO NHẬN DIỆN MỆNH GIÁ RESNET
========================================
              precision    recall  f1-score   support

     INDIA10       1.00      1.00      1.00        22
    INDIA100       1.00      1.00      1.00        22
     INDIA20       1.00      1.00      1.00        23
    INDIA200       1.00      1.00      1.00        24
   INDIA2000       1.00      1.00      1.00        24
     INDIA50       1.00      1.00      1.00        24
    INDIA500       1.00      1.00      1.00        22
     THAI100       0.96      1.00      0.98        23
    THAI1000       1.00      1.00      1.00        24
     THAI500       1.00      1.00      1.00        23
    VND_1000       1.00      1.00      1.00       188
   VND_10000       0.98      0.96      0.97       179
  VND_100000       0.99      0.98      0.99       179
    VND_2000       0.99      0.99      0.99       175
   VND_20000       0.96      0.98      0.97       186
  VND_200000       0.98      0.99      0.98       183
    VND_5000       0.99      1.00      1.00       191
   VND_50000       0.99      0.99      0.99       179
  VND_500000       0.99      0.97      0.98       167

    accuracy                           0.99      1858
   macro avg       0.99      0.99      0.99      1858
weighted avg       0.99      0.99      0.99      1858
